3196993465604959862112954
4175238305552611156340093
6244511775759733790937135
7393593927137941730124598
8281640371772145335398138
4173012459825551488039844
3722824328100661125930346
3049784484332657468714581
4095672385032387834297856
1359616488864598473992144
4540587576062581166323353
7419422636660581330918970
4476825521335616503411445
5514880398441184757578495
7794672487545522319585813
5747534726515522338012268
4013504602443192355293868
3691252756405542366685635
8481584833528062518987256
3978905643910626229965675
1590981989506932709164879
2518987256093929820788264
2484865108227023187621317
4348807260815783394703624
8676197971774383429645393
8768534841461653447292170
9283880159986037228243281
6903688830954093919317821
5252696099751803949792410
4488067880584063978905643
5614654170708904275424089
2286567124474224476825521
7272043668696864686746007
7421155925905315463933234
4861345645555095686564656
8614364536211885851466990
2130439915917156727290846
6357213362510126785406484
3949792410385668249645947
6949280283148596944128859
2335429312426917393593927
6764276566550977586415932
1266962268136287613230031
7418829986638297777713408
8891393284575778436819302
6170209191641178304346539
2632723441273848860542921
1960804998051558891393284
2809704317486208995803332
1749520581583159004614665
2068998000944259095045012
1886393653409419191698297
3980606182663289283880159
8059217603453649416691237
2170796258464469514826532
8397435870671099582953371
6600534605619871008004754
2338012268220910194964843
5194886899365421027669984
2166030217102311034437130
5921243578470761059688702
8104485451052971076249989
7558982536528831108562357
5403053205900221125333378
7949154965450561128836398
3346566818994081153316677
2340665132016321193557146
5809525131354071203559399
2148059690431561220571951
8001393862693981220782444
8473992144715124150146290
4841170397426871259613313
3388409317344261266962268
6004471220870101299650367
1076249989569931359616488
2018655763071951379129587
7261309509575661432657220
4033348410393161447112024
3394703624859514827513881
1482751388180551520720115
9582953371908715348297669
8777382018863371536284124
4913368547728231538236737
3356101623477431551188517
7162929108315881566902755
4275424089952615909819895
8995803332306916222697853
4975439607730151624767843
6953200604242291627239062
5846010061257121677853409
8301690484788191692996841
6282114217180171727477240
5746448523472521731999669
2183122125042181741611685
3117550355291031744768674
3281593209719291749520581
5775517277329671780494950
9191698297695417977377103
3323056914684061799335776
6014232780019541802003522
5452510511382211860684371
3202229507093711864876791
5993217472309621866518819
8257562846019141871820106
8240672866004521886393653
9004614665601719497643626
2366184472940341960804998
2748931391938181991536605
5806494856674442001180271
3185652808705512018655763
4251644908458632045016291
2726213575839252068998000
6656841143270732076206743
2076206743791062081943479
4701410526600042130439915
1741611685578252133926182
6505304412060502148059690
1220782444701542166030217
5812877637196342170796258
4017236596994572183122125
6834680090939472187146982
4503432065778692197498889
1866518819924872267947380
4686746007449322734918039
1203559399796622285817110
7122371321320112286567124
7728107907018412286808669
5698637576750992296706743
6742616107144622298011273
1622269785365092335429312
4527009444890412340665132
1008004754676832366184472
5576957706925042380759683
5283172841933712384080747
2366685635527924207787306
5135412348222042447816265
1860684371736782484865108
1677853409574402505750804
3766839803496152513669024
5230686270888442520779499
1744768674549732520808410
5355331860934362537223285
8556820366149412542119841
8860542921677725448080090
3889554582023072598377217
3369459322734352616687805
6502686777873732618898104
8677539448180422632723441
5686564656378626375150390
2848754208543862679720040
2081943479595282680362705
2296706743248252687517919
1019496484305122717473638
2709164879007727178057214
3202248653786682726213575
2622996567547227331684476
8354411239509322741082180
6404009092228972748931391
3790937135578276057815449
7798363887144902806674153
4972404864441902809704317
7843681930220628487542085
4441563533465972856302568
1108562357511182865999511
8161720297899062875423456
8750231124228952885099426
1536284124379542922414031
8080795250379982958181534
5335398138329298316647931
1799335776010403009984014
4893207878353923049784484
7758876207742843063360018
8824766454222043065300223
2598377217320183104258789
1650341144549431175503552
2983166479313773127378686
6446943580375703185652808
7191703024349833196993465
2001180271462873202229507
4289499357641913202248653
3880709945102543281593209
4551246360226313323056914
8903786596238953346566818
5325221374621023356101623
6168621288324463368223151
4267485960680083369459322
9416691237030133884093173
2520779499218103399647040
7923426269227693404343325
2384080747808713416311270
7445009367424863442734506
7814935342310323466567293
7586415932663334849849175
8002678861772623500915282
8257976897715503568294482
1727477240558423577340792
8789698556008563651741972
3841109880159423658104307
7954747948231443681415354
8380262414711983691252756
4778483664213453730604356
7438051465528703731666593
8974580889446283766839803
7208018576084023797443703
4126743377197153841109880
4524091161428703846721651
6195100425886003857080149
5941728469632283870812138
6791707384171293876919254
3901692452060973880709945
7284708827406613889554582
5836356310474693901692452
8544522192631683980606182
1299650367860914013504602
3447292170222940172365969
4557895625653404033348410
5117510888641024056205814
7699972003754744093241249
1432657220983714095672385
4860738914559394120950381
2875423456445164126743377
4704095770177474171341207
4056205814505104175238305
1520720115511524202693133
5628786937991094251644908
8064771688959634267485960
4677555126476714289499357
6710239339008294309879492
2982078826464543488072608
8582100471396414363602593
6266822858130424394589578
1731999669899334441563533
8917674595125064488067880
8309087715492014490514040
3876919254185394493158016
4931974358115644494839974
4678848576521004496769998
8973061138653704503432065
1379129587384114524091161
2045016291996384527009444
3846721651332154531609323
7248376774892164540587576
5401206763592074542659329
1551188517943414551246360
2618898104512204557895625
4830902636499934568543293
2505750804785904576153753
7288141442902134590291299
1566902755346924623337513
4576153753426824677555126
6771562204418154678848576
3797443703499614701410526
2537223285786074704095770
8517366936452894737457929
6727290846165647611866581
2733168447609314778483664
8448099737530684830902636
6368102625046314836623304
6878803235816724837506793
6141244903735604841170397
8482919809611754843149006
4496769998432114860738914
3416311270943734861345645
5972333008395534865554768
6526991019371794893207878
2544808009074134911973226
5203426325442094913368547
4998582417569064923651670
5574309627007114931974358
8603864829280524972404864
6106927828034524975439607
2447816265303624998582417
5903756721406835028428716
2637515039095835030675736
2717805721404955067111231
8420885731399535105235976
1193557146903665108144340
5067111231272235117510888
4843149006468015122461041
3658104307751865135412348
8010453635754215138225298
8857905013434845172081446
7890220625290595194886899
7375837419902565203426325
6712444714665355230686270
5998773564221885251753859
6097893478452885252696099
4493158016077905283172841
1330918970694753221690582
7055870758794115325221374
6513357226691755332186121
2267947380675475355331860
4761186658174775361312764
3187621317696753842166893
5675936452421365388016599
6296348653753395401206763
6169319401985155403053205
2856302568434955447094878
8811110421665575452510511
1259613313947935492257876
6879452005048115499444516
7554101777288465501194101
7532183478661235513793156
7273607765237035525009887
3009984014898915544719811
6999335206633925555808354
2187146982410195574309627
3065300223367605576957706
2285817110821905579884424
6034899527311755614654170
5579884424249425628786937
2679720040308675635094989
7468714581651563789865169
5794771796625715675936452
6514485277642965698637576
2355293868720257091118148
4542659329017485742061182
5826638671204985746448523
3568294482842655747534726
3500915282808175761153425
9862112954495762270205536
6430041245101705775517277
5108144340125945794771796
4568543293341755806494856
6489731490732955809525131
1166323353311558128776371
8364337653616585816505007
3857080149677025826638671
4171341207881635836356310
6133587810883635846010061
8908016698283885903756721
7129425517765835921243578
2616687805286645941728469
1627239062636265972333008
4923651670199425990291077
7389870367229085993217472
1034437130895985998773564
5251753859552165999296844
2513669024585356004471220
3577340792863086014232780
4490514040598236034899527
5990291077854276097893478
5030675736004676106927828
2273491803950556111450533
8899411169013656133587810
5361312764792666141244903
1220571951187076168621288
3127378686675736169319401
5555808354437926170209191
8546479281085526191948478
6752006204055066195100425
1059688702700236227649769
4590291299207126237154111
5499444516910196244511775
5384216689300146266822858
3730604356104666282114217
6652106672220256296348653
1447112024459986311861908
6596668252724726357213362
2133926182255356368102625
5742061182789246386818354
5388016599265796404009092
8829499519065966430041245
8157153020456666446943580
3484984917566016489731490
8014731267584806502686777
2717473638178136505304412
3466567293128576511589951
7282523295004106513357226
8937749159218186514485277
6783403251847416526991019
3651741972904466541342137
5816505007393036596668252
1991536605421296599652476
3399647040529016600534605
2806674153903966652106672
4363602593159826656841143
1864876791085116665585669
1802003522077656675319198
5105235976277686709334368
8837308981880436710239339
1538236737214076712444714
3870812138879596729353542
2420778730668456742616107
6227649769146876752006204
2687517919998826764276566
7956903297913616771562204
6665585669402726783403251
2319585813197067917073841
8304842576551096834680090
4120950381790166846118504
2298011273916426878803235
4623337513752426879452005
6541342137557786903688830
6311861908431326940066250
2197498889268586949280283
6824964594792369532006042
6729353542876086978552705
4093241249076806999335206
5544719811028477055870758
4309879492684547122371321
8194872287549227129425517
5028428716888117162929108
6785406484494471917030243
7453296030089587208018576
1027669984097087233563557
5463933234995572483767748
8459715772949477261309509
5501194101627937272043668
4202693133223107273607765
2885099426597037282523295
4911973226317727284708827
5762270205536577288141442
6940066250962627374043806
3919317821962873758374199
2958181534969147389870367
4737457929592907418829986
2542119841973987419422636
1949764362645927421155925
5322169058252877438051465
2741082180158727445009367
2922414031397037453296030
8117887462389437532183478
1241501462901097554101777
3104258789350807558982536
2380759683294337635729156
8182790061359577699972003
6944128859134877281079070
6112593034608775887620774
6675319198170157762590086
8353482648965917794672487
7613230031861177983638871
1128836398200607814935342
2865999511712897890220625
2520808410813197923426269
6511589951581487949154965
8390038498370087954747948
6846118504255967956903297
5172081446768768001393862
9095045012974580026788617
7374043806494808010453635
6191948478155358014731267
5709111814821198023103020
3681415354076638059217603
5637898651693178064771688
5525009887222368080795250
4865554768623028089497622
7834297856386810448545105
5447094878260058117887462
6237154111198058142678164
5138225298120138157153020
1780494950690348161720297
4836623304488058182790061
3404343325602268194872287
8275047987159158240672866
6599652476397638257562846
5999296844735648257976897
1797737710398218275047987
2286808669257978281640371
8142678164322078301690484
5332186121975428304842576
1125333378029408309087715
4394589578694218353482648
6709334368856318354411239
3731666593867688364337653
5122461041033748380262414
4837506793847748390038498
3429645393936783974358706
5761153425776868420885731
7777713408590384480997375
1692996841024898459715772
8023103020707328481584833
8734430502952098482919809
6111450533462058517366936
6386818354573838535167474
1534829766958478544522192
2680362705638208546479281
7762590086828658556820366
7635729156342548582100471
9514826532766986038648292
3063360018401428614364536
3368223151781418676197971
7233563557058788677539448
4494839974109218734430502
2760578154492128750231124
6978552705277388768534841
3442734506189658777382018
5635094989284478789698556
1624767843830508811110421
1156340093975882476645422
8304346539029988294995190
4531609323282888837308981
1871820106350058857905013
5513793156490358899411169
1153316677468658903786596
1847575784952289080166982
8535167474620308917674595
5851466990686089377491592
8089497622584928973061138
5492257876126678974580889
